image_width: 1440
image_height: 1080
camera_name: cam_blackfly
camera_matrix:
  rows: 3
  cols: 3
  data: [1187.38174391, 0.0, 776.8496067, 0.0, 1187.49398452, 549.68942626, 0.0, 0.0, 1.0]
distortion_model: equidistant
distortion_coefficients:
  rows: 1
  cols: 4
  data: [-0.025457951864817117, 0.009902106702461878, -0.043069796963119425, 0.05057305222464838]